245 162 148 162 180 140
267 149 168 222 202 162
296 195 197 231 207 210
234 155 137 188 135 181
263 187 142 202 172 202
291 198 186 248 200 230
244 132 181 151 196 137
265 184 202 172 202 142
293 215 230 180 240 186
252 117 127 87  97  161
262 97  183 96  107 117
269 120 144 204 204 202
242 127 117 87  97  171
252 107 172 96  107 127
279 224 124 120 204 194
242 132 137 139 127 169
278 167 157 132 147 207
307 196 167 176 176 239
222 169 127 96  127 221
256 223 161 126 181 235
241 193 116 106 118 196
274 219 169 144 177 239
228 190 141 119 161 163
264 209 177 169 197 199
227 162 100 167 112 232
260 215 145 215 195 235
257 202 244 82  112 132
293 214 258 128 162 168
270 149 174 121 135 137
291 153 180 171 156 158
319 178 208 202 204 186
252 185 135 135 121 155
273 171 160 171 156 176
301 218 188 204 202 183
295 140 146 170 198 108
331 176 182 206 216 156
233 120 132 167 182 182
284 185 201 175 233 233
390 159 95  130 105 95 
425 180 130 209 140 117
242 147 127 105 137 183
292 197 159 167 187 238
245 135 160 200 160 121
268 155 183 213 193 135
290 214 205 211 215 135
229 194 164 129 180 104
267 255 202 145 202 102
277 145 152 145 162 142
283 151 173 218 188 218
180 165 105 112 145 269
217 202 142 127 182 310
238 143 123 119 133 256
274 179 143 185 169 269
255 138 146 198 150 160
298 216 189 200 193 203
237 212 122 109 142 211
272 222 157 172 177 227
262 205 123 187 147 167
313 248 188 205 206 218
237 152 132 132 118 255
279 156 174 158 144 224
318 203 200 190 213 173
206 81  81  261 161 254
228 113 103 254 201 253
249 134 136 273 204 274
297 233 152 122 122 109
307 242 182 142 178 118
318 263 193 179 203 143
257 181 122 192 112 145
279 246 144 214 120 154
300 269 165 235 139 175
234 129 107 149 273 189
297 172 162 192 272 232
237 233 252 100 112 92 
259 234 274 134 134 114
300 255 295 145 165 125
247 212 152 154 172 244
268 233 155 193 193 267
336 181 181 117 144 81 
329 202 254 234 174 94 
205 120 190 264 144 140
241 171 226 276 158 176
256 177 157 146 171 183
226 221 141 108 121 221
262 231 177 172 157 137
285 126 176 140 190 140
320 157 214 175 225 175
315 231 150 117 150 100
348 216 201 163 233 133
217 182 252 156 102 118
236 221 430 201 121 153
216 108 111 251 121 232
237 127 132 272 152 255
258 163 153 263 183 278
219 147 364 93  134 184
274 145 139 135 229 133
310 162 192 181 265 169
215 260 230 90  110 150
250 295 291 121 135 185
234 109 134 159 159 273
260 121 175 195 195 346
275 130 210 170 154 117
326 221 201 252 177 141
255 150 240 130 165 108
265 200 286 126 200 130
242 249 123 117 257 211
242 222 214 107 257 189
329 169 194 164 194  93
233 178 238 168 151 106
269 214 274 204 174 154
313 239 238 108 108  88
350 295 275 125 112 126
643 48  48  108 248 138
274 134 295 239 119 159
349 201 194 125 194 214
218 119 193 212 103 173
254 169 206 229 129 229
245 184 187 108 150 176
303 222 184 151 198 174
213 124 158 188 158 239
256 181 201 231 201 261
222 114 183 237 277 217
278 253 193 143 193 243
272 137 107 240 227 249
269 200 148 224 183 268
269 201 148 234 204 242
268 311 233 143 173 182
289 234 224 114 156 279
202 84  167 78  97 217
324 279 187 163 206 191
395 220 190 180 220 150
254 134 149 149 149 163
265 176 150 126 180 160
396 177 151 225 221 161
266 161 151 251 221 291
266 291 166 198 251 161
278 163 183 213 193 123
222 127 247 227 157 117
279 154 284 264 174 144
212 207 227 141 137 172
259 237 244 180 174 194
297 242 162 152 182 292
454 224 159 159 249  97
311 196 226 216 276 196
311 226 196 248 206 226
311 248 208 248 196 206
239 198 142 136 152 152
268 209 171 162 199 181
312 293 215 225 202 203
334 237 197 325 197 277
374 304 237 328 237 317
330 225 225 225 225 225
245 148 180 148 198 126
267 182 202 151 202 162
296 214 231 177 231 191
234 155 137 171 135 199
263 170 158 222 154 202
291 198 186 248 200 230
256 181 179 125 147 150
277 202 202 144 168 173
305 216 230 188 215 186
232 163 125 114 147 97 
316 193 169 117 151 243
281 104 116 128 168 171
344 125 139 191 231 196
240 95  103 148 215 165
259 102 144 154 264 235
242 194 137 123 137 117
289 246 165 164 164 124
305 210 190 170 190 290
304 112 125 161 161 201
392 168 137 189 189 171
202 137 87  114 127 194
262 107 113 147 183 78 
342 117 87  137 106 78 
232 97  187 137 205 87 
257 122 212 202 252 122
235 135 140 209 140 190
271 186 193 203 176 226
292 186 197 271 197 247
269 134 134 202 144 111
291 156 171 206 166 122
318 183 183 236 234 143
290 175 205 236 235 135
302 97  157 87  172 137
347 127 202 142 202 156
287 242 272 102 172 102
318 164 201 213 233 173
232 127 123 127 167 172
263 138 133 138 178 228
293 148 178 148 208 258
261 186 156 126 156 218
222 105 117 117 117 128
295 190 135 250 210 110
279 174 147 174 134 234
272 147 147 107 96  95 
335 210 210 170 170 110
266 161 166 261 221 251
326 161 225 166 291 161
267 212 113 212 126 246
329 202 174 234 254 94 
264 159 159 209 209 209
249 173 145 212 145 144
527 97  158 108 158 118
542 110 173 123 173 135
282 197 167 217 167 207
258 183 256 123 123 31 
291 194 316 171 156 116
346 181 181 171 171 131
275 190 250  99 170 231
287 181 432 156 162  92
277 233 152 118 132 112
323 278 188 158 142 140
275 253 190 150 135 210
278 263 233 157 193 163
178 53  493 47  542 43 
202 84  517 69  517 67 
298 254 201 113 223 203
255 253 150 110 190 243
274 229 149 149 149 116
318 293 183 183 183 143
242 123 137 216 137 97 
247 142 282 202 202 102
262 157 137 117 105 172
343 214 198 173 158 138
260 155 215 192 215 103
227 182 122 182 109 200
290 245 185 145 185 125
244 159 139 179 139 199
271 116 176 196 316 176
271 196 284 116 193 176
244 152 109 209 149 196
288 213 146 227 193 223
284 219 219 219 219 199
334 185 169 116 129 109
318 245 273 168 153 133
307 192 212 242 222 152
287 226 160 206 166 206
272 97  127 97  132 227
232 139 127 114 127 127
242 204 227 117 257 177
247 100 82  222 182 200
241 189 108 176 156 236
241 196 120 186 140 233
329 194 244 114 174 234
644 53  49  179 269 139
311 215 176 230 226 256
342 204 207 315 257 287
361 256 176 226 176 226
392 258 227 260 207 257
331 176 256 206 256 196
362 186 287 260 287 227
257 180 152 127 152 147
287 210 200 154 182 144
330 293 245 215 202 161
334 216 277 197 292 237
374 260 317 237 328 277
334 277 216 213 325 197
374 348 237 249 365 237
330 225 247 202 225 255
236 126 121 199 161 191
247 172 132 212 154 255
275 200 160 240 200 270
246 171 131 191 135 155
267 233 162 212 162 136
295 243 170 250 170 209
256 210 151 135 151 131
287 212 182 178 182 127
335 250 189 200 210 165
232 183 127 105 117 127
286 221 181 144 161 199
238 117 139 105 139 194
302 181 163 126 163 265
252 161 127 87  117 97 
262 127 183 96  107 87 
269 165 144 224 144 191
262 127 183 96  107 87 
269 144 165 144 224 191
242 105 117 137 172 117
273 133 148 168 206 148
300 175 157 215 235 192
242 137 157 105 117 128
293 169 128 168 128 184
320 258 155 193 155 195
342 231 177 260 177 217
240 165 115 103 115 247
265 210 144 154 140 290
240 103 115 181 115 225
265 140 240 210 198 153
218 96  107 161 127 137
235 124 124 202 164 138
272 177 161 281 234 191
240 103 119 170 159 185
286 144 165 201 225 161
278 133 190 119 173 123
262 267 197 157 172 177
279 191 174 111 124 114
304 199 199 134 163 219
431 346 203 216 156 248
462 414 257 222 187 257
222 145 258 103 115 135
264 195 127 150 137 357
1   260 147 105 117 137
290 143 103 174 103 113
319 188 132 206 132 127
348 217 161 217 161 171
306 194 117 87  117 107
429 248 156 127 156 136
262 106 137 87  137 97 
210 135 315 135 247 94 
261 146 160 113 126 156
290 192 175 139 155 185
250 195 195 175 192 130
250 215 215 139 155 159
254 207 249 116 129 109
265 220 320 154 140 108
275 225 390 165 150 130
219 134 164 120 164 191
267 145 211 162 192 202
238 128 133 183 133 201
280 203 155 220 155 245
267 127 122 212 192 255
267 109 142 192 212 255
278 189 153 137 193 213
278 123 153 189 193 234
248 163 146 243 203 155
297 151 158 124 158 132
341 182 202 200 202 131
247 255 92  163 92  182
282 277 117 227 117 227
408 183 113 183 124 146
478 213 123 213 123 153
277 172 132 200 142 109
282 237 177 247 187 117
281 206 316 206 193 68 
274  89 119 189 229 169
301 126 166 216 256 196
271 182 166 149 166 166
248 278 143 128 143 73 
253 206 148 133 148 188
296 207 191 191 191 254
254 219 129 219 141 107
280 265 155 165 155 145
146 131 188 117 201 151
289 174 214 174 244 194
288 267 157 157 157 217
288 260 157 213 157 167
284 163 169 229 209 161
284 229 209 163 169 161
258 163 139 130 135 173
361 192 182 188 178 156
242 211 181 135 121 133
267 276 226 216 131 146
237 132 178 132 192 145
258 173 243 173 273 183
284 116 201 169 243  93
311 196 228 196 248 120
242 237 147 114 147 216
289 255 234 191 194 124
202 78  97  77  167 236
324 163 187 229 251 191
286 162 181 181 181 199
264 219 196 159 279 107
246 203 123 196 107 143
270 267 150 223 163 167
198 119 256 113 233 103
222 177 297 157 197  87
340 155 203 199 211 139
275 126 198 230 200 270
271 266 156 204 156 186
351 102 152 102 152 102
257 136 152 167 152 152
300 195 195 195 195 195
298 119 153 179 153 103
327 162 182 192 182 132
355 190 210 220 210 160
223 158 218 196 173 112
250 218 245 223 203 139
250 203 269 236 185 139
340 166 295 137 165 145
240 119 159 116 176 243
247 202 172 118 123 152
276 231 241 144 155 141
321 266 186 246 186 248
237 178 212 109 172 112
266 210 241 135 201 141
290 295 285 193 205 181
291 203 426 138 226 126
291 138 226 203 426 126
291 158 326 193 326 126
290 203 205 245 256 245
290 225 185 256 245 245
323 196 198 318 327 198
323 318 298 196 198 217
332 285 197 348 197 207
330 225 225 225 225 225
230 292 125 325 137 325
230 385 71  346 65  325
230 148 345 165 345 225
230 215 205 193 225 385
265 204 178 126 160 112
297 220 212 152 172 114
326 249 241 181 201 143
244 150 139 167 139 190
275 198 146 198 146 204
287 238 172 214 172 270
262 137 157 173 179 131
275 156 195 204 194 142
303 202 226 252 232 135
242 167 117 105 117 194
263 217 148 115 128 208
310 247 175 148 135 235
280 161 137 114 137 119
305 212 145 152 162 202
236 117 139 107 139 96 
303 214 146 138 146 191
251 186 111 149 124 146
271 216 129 182 144 166
296 171 189 221 189 171
239 102 124 154 194 180
258 190 143 254 243 213
286 297 127 96  107 179
333 327 154 180 134 150
212 131 283 131 245 96 
259 138 333 140 310 94 
242 126 147 103 147 129
242 126 147 103 147 129
242 126 147 103 147 129
265 173 210 198 250 100
265 198 250 158 131 100
265 178 230 178 253 100
285 205 140 228 140 189
222 105 141 117 141 216
281 196 216 196 240 127
267 118 182 145 222 232
264 196 107 169 109 219
309 219 144 204 147 264
250 112 145 196 161 125
283 173 178 190 194 208
307 131 146 180 174 118
307 146 160 147 174 118
362 201 171 219 199 113
362 201 171 219 199 113
290 235 167 155 167 265
333 133 116 184 136 188
438 193 121 213 141 193
262 196 135 121 159 217
270 187 203 143 227 245
259 154 138 244 244 268
338 254 137 243 150 175
362 337 161 240 161 199
254 161 135 121 125 243
285 202 166 149 156 288
249 102 154 202 154 144
280 175 128 144 131 197
346 221 169 159 157 223
271 90  246 100 224 98 
272 211 238 191 165 108
258 234 243 65  143 73 
196 90  141 191 231 188
362 60  67  87  205 117
299 154 132 226 126 246
240 219 251 219 225 115
262 241 273 241 245 139
273 211 142 118 142 136
283 222 172 142 152 206
347 286 216 167 215 230
419 214 124 124 235 48 
239 194 134 111 134 191
276 251 188 234 171 211
290 193 205 125 146 101
352 255 267 183 157 125
234 149 229  98 159 196
278 213 227 153 183 245
253 191 118 174 132 152
305 246 164 206 147 224
290 237 181 217 181 129
252 161 161 147 153 181
280 175 189 175 209 219
243 79  148 184 288 148
274 155 163 173 169 129
319 218 184 218 204 154
277 244 162 134 202 282
275 170 260 261 210 165
357 202 222 192 222 132
365 279 290 140 140 121
392 370 317 150 167 137
335 230 280 225 130 143
284 247 163 219 218 219
312 272 191 271 227 247
284 197 163 279 219 214
304 141 219 242 259 189
309 202 183 264 144 222
266 225 291 166 161 221
266 166 251 261 221 161
287 199 310 122 182 222
355 261 190 187 150 190
305 209 170 270 180 210
272 252 177 161 261 191
256 141 321 181 331 111
226 231 301 161 301 121
280 195 175 195 175 255
244 139 173 229 212 221
281 158 314 176 286 216
291 236 236 236 236 186
281 303 149 276 166 256
322 231 257 317 238 197
362 267 297 392 257 237
302 231 238 317 257 217
342 267 257 392 297 257
312 225 237 256 237 179
344 213 269 348 269 211
343 338 238 195 238 196
382 414 277 195 277 257
422 195 257 238 257 197
462 282 297 231 297 237
370 165 265 175 285 195
300 175 195 195 195 214
330 225 225 225 225 225
362 231 257 282 257 257
271 206 206 235 206 248
330 225 225 202 247 225
362 257 257 257 257 257
358 253 253 227 253 278